C_matrix:
1.00000000000	4.00000000000	9.00000000000	16.00000000000	25.00000000000	36.00000000000	49.00000000000
4.36843404337	9.29840052019	12.73686808673	12.76250213533	8.36843404337	0.00000000000	-10.36843404337
5.41063116337	6.41063116337	0.00000000000	-8.41063116337	-9.41063116337	-0.00000000000	11.41063116337
4.81971863421	0.00000000000	-6.81971863421	-0.00000000000	8.81971863421	0.00000000000	-10.81971863421
5.41063116337	-6.41063116337	-0.00000000000	8.41063116337	-9.41063116337	-0.00000000000	11.41063116337
4.36843404337	-9.29840052019	12.73686808673	-12.76250213533	8.36843404337	0.00000000000	-10.36843404337
1.00000000000	-4.00000000000	9.00000000000	-16.00000000000	25.00000000000	-36.00000000000	49.00000000000

C_matrix_inverse:
0.00010357254	0.01797535352	0.04785157782	0.06741681636	0.04785157782	0.01797535352	0.00010357254
0.00000000000	0.02627975492	0.03987755755	0.00000000000	-0.03987755755	-0.02627975492	0.00000000000
0.00003456320	0.02618845517	0.00054936943	-0.04872049454	0.00054936943	0.02618845517	0.00003456320
-0.00000000000	0.02003057946	-0.02905366816	-0.00000000000	0.02905366816	-0.02003057946	-0.00000000000
0.00767436432	0.00250686543	-0.01663478168	0.02961966576	-0.01663478168	0.00250686543	0.00767436432
0.01388888889	-0.01182245253	0.00848190168	0.00000000000	-0.00848190168	0.01182245253	-0.01388888889
0.00628012756	-0.00645598135	0.00740966611	-0.00753926550	0.00740966611	-0.00645598135	0.00628012756

Fourier Coefficients (a_n):
0.19927782411
0.00000000000
0.00482428108
-0.00000000000
0.01671256193
0.00000000000
0.00692835914

Fourier Coefficients (b_n):
0.07919294847
0.00000000000
0.04597823077
-0.00000000000
0.00305596527
0.00000000000
0.00878783353
